Iteration: 00, VAE Loss: 114.397362, PSNR: 39.421412, SSIM: 0.000000
Iteration: 01, VAE Loss: 48.833260, PSNR: 39.521047, SSIM: 0.000000
Iteration: 02, VAE Loss: 72.635300, PSNR: 39.521047, SSIM: 0.000000
